  -1.00000000000000        6.70820393249937     
 -0.989949748743719        5.29921746251545     
 -0.979899497487437        4.09128834782018     
 -0.969849246231156        3.06346300211805     
 -0.959798994974874        2.19643058413915     
 -0.949748743718593        1.47242576989141     
 -0.939698492462312       0.875135785941324     
 -0.929648241206030       0.389611572092385     
 -0.919597989949749       2.182944407492741E-003
 -0.909547738693467      -0.299622367925678     
 -0.899497487437186      -0.527155935859185     
 -0.889447236180904      -0.690722215347491     
 -0.879396984924623      -0.799648622796723     
 -0.869346733668342      -0.862352217632922     
 -0.859296482412060      -0.886403106090008     
 -0.849246231155779      -0.878584677910674     
 -0.839195979899497      -0.844950785270035     
 -0.829145728643216      -0.790879970872725     
 -0.819095477386935      -0.721126849839118     
 -0.809045226130653      -0.639870747685596     
 -0.798994974874372      -0.550761694417106     
 -0.788944723618090      -0.456963872487880     
 -0.778894472361809      -0.361196614147883     
 -0.768844221105528      -0.265773041478516     
 -0.758793969849246      -0.172636440231211     
 -0.748743718592965      -8.339445641684361E-002
 -0.738693467336683       6.487975476304586E-004
 -0.728643216080402       7.846264244625041E-002
 -0.718592964824121       0.149261655028912     
 -0.708542713567839       0.212479333407087     
 -0.698492462311558       0.267743526598239     
 -0.688442211055276       0.314853551757399     
 -0.678391959798995       0.353758924630785     
 -0.668341708542714       0.384539630738571     
 -0.658291457286432       0.407387866742011     
 -0.648241206030151       0.422591183373953     
 -0.638190954773869       0.430516963211507     
 -0.628140703517588       0.431598168445119     
 -0.618090452261307       0.426320295649645     
 -0.608040201005025       0.415209476390158     
 -0.597989949748744       0.398821664298181     
 -0.587939698492462       0.377732851032810     
 -0.577889447236181       0.352530255295822     
 -0.567839195979900       0.323804430800227     
 -0.557788944723618       0.292142240797992     
 -0.547738693467337       0.258120648454701     
 -0.537688442211055       0.222301274016766     
 -0.527638190954774       0.185225671350516     
 -0.517587939698492       0.147411278041967     
 -0.507537688442211       0.109347994831386     
 -0.497487437185930       7.149535171794127E-002
 -0.487437185929648       3.428021960661899E-002
 -0.477386934673367      -1.904972117596139E-003
 -0.467336683417085      -3.670355021471414E-002
 -0.457286432160804      -6.979548107594073E-002
 -0.447236180904523      -0.100897858292892     
 -0.437185929648241      -0.129765028115600     
 -0.427135678391960      -0.156188385213238     
 -0.417085427135678      -0.179995869783789     
 -0.407035175879397      -0.201051195715443     
 -0.396984924623116      -0.219252838183169     
 -0.386934673366834      -0.234532807768774     
 -0.376884422110553      -0.246855236921868     
 -0.366834170854271      -0.256214803332346     
 -0.356783919597990      -0.262635013562447     
 -0.346733668341708      -0.266166369088069     
 -0.336683417085427      -0.266884435724771     
 -0.326633165829146      -0.264887836263924     
 -0.316582914572864      -0.260296185018562     
 -0.306532663316583      -0.253247981876889     
 -0.296482412060301      -0.243898482383870     
 -0.286432160804020      -0.232417559318063     
 -0.276381909547739      -0.218987570201732     
 -0.266331658291457      -0.203801244177358     
 -0.256281407035176      -0.187059600702892     
 -0.246231155778894      -0.168969911561574     
 -0.236180904522613      -0.149743716749713     
 -0.226130653266332      -0.129594903897662     
 -0.216080402010050      -0.108737859995191     
 -0.206030150753769      -8.738570333261195E-002
 -0.195979899497487      -6.574860273340623E-002
 -0.185929648241206      -4.403219034257973E-002
 -0.175879396984925      -2.243607344773077E-002
 -0.165829145728643      -1.152450046695326E-003
 -0.155778894472362       1.963516786328470E-002
 -0.145728643216080       3.975312001465548E-002
 -0.135678391959799       5.903865004724586E-002
 -0.125628140703518       7.734084223127946E-002
 -0.115577889447236       9.452144147459583E-002
 -0.105527638190955       0.110455555970990     
 -9.547738693467334E-002  0.125032242440394     
 -8.542713567839200E-002  0.138154974481263     
 -7.537688442211055E-002  0.149741995100989     
 -6.532663316582910E-002  0.159726555011442     
 -5.527638190954776E-002  0.168057038773813     
 -4.522613065326631E-002  0.174696981349865     
 -3.517587939698497E-002  0.179624978065400     
 -2.512562814070352E-002  0.182834491416316     
 -1.507537688442206E-002  0.184333558547962     
 -5.025125628140725E-003  0.184144403614698     
  5.025125628140614E-003  0.182302959578551     
  1.507537688442206E-002  0.178858304333666     
  2.512562814070352E-002  0.173872016346889     
  3.517587939698497E-002  0.167417455284256     
  4.522613065326642E-002  0.159578973348434     
  5.527638190954764E-002  0.150451063283223     
  6.532663316582910E-002  0.140137449208152     
  7.537688442211055E-002  0.128750126628888     
  8.542713567839200E-002  0.116408358127731     
  9.547738693467345E-002  0.103237631372803     
  0.105527638190955       8.936858619471018E-002
  0.115577889447236       7.493591756544549E-002
  0.125628140703518       6.007726137608330E-002
  0.135678391959799       4.493206994746161E-002
  0.145728643216080       2.964048422145363E-002
  0.155778894472362       1.434220956970361E-002
  0.165829145728643      -8.245978782387306E-004
  0.175879396984925      -1.572442754456329E-002
  0.185929648241206      -3.022548659109269E-002
  0.195979899497488      -4.420074133338230E-002
  0.206030150753769      -5.752892136063619E-002
  0.216080402010050      -7.009547999689962E-002
  0.226130653266332      -8.179350491901628E-002
  0.236180904522613      -9.252457295104174E-002
  0.246231155778895      -0.102199543283210     
  0.256281407035176      -0.110739283616112     
  0.266331658291457      -0.118075324007517     
  0.276381909547739      -0.124150433500194     
  0.286432160804020      -0.128919114934238     
  0.296482412060302      -0.132348013696674     
  0.306532663316583      -0.134416236534656     
  0.316582914572864      -0.135115576956200     
  0.326633165829146      -0.134450644164264     
  0.336683417085427      -0.132438892916052     
  0.346733668341709      -0.129110552169586     
  0.356783919597990      -0.124508450874049     
  0.366834170854271      -0.118687739778954     
  0.376884422110553      -0.111715508679969     
  0.386934673366834      -0.103670299086197     
  0.396984924623116      -9.464151288482105E-002
  0.407035175879397      -8.472871819436531E-002
  0.417085427135678      -7.404085423730319E-002
  0.427135678391960      -6.269533772644074E-002
  0.437185929648241      -5.081707394736794E-002
  0.447236180904523      -3.853737643131259E-002
  0.457286432160804      -2.599279984897089E-002
  0.467336683417085      -1.332389151630047E-002
  0.477386934673367      -6.738676878571373E-004
  0.487437185929648       1.181277837795654E-002
  0.497487437185930       2.399172876440983E-002
  0.507537688442211       3.572034497825275E-002
  0.517587939698493       4.685921421201606E-002
  0.527638190954774       5.727372732548867E-002
  0.537688442211055       6.683567715536745E-002
  0.547738693467337       7.542486480819174E-002
  0.557788944723618       8.293070061362354E-002
  0.567839195979900       8.925378541288304E-002
  0.577889447236181       9.430745683072943E-002
  0.587939698492462       9.801928412876725E-002
  0.597989949748744       0.100332494163065     
  0.608040201005025       0.101207309870101     
  0.618090452261307       0.100622181581904     
  0.628140703517588       9.857489032388517E-002
  0.638190954773869       9.508350107738819E-002
  0.648241206030151       9.018714279322183E-002
  0.658291457286432       8.394659072259619E-002
  0.668341708542714       7.644462538778814E-002
  0.678391959798995       6.778614124661757E-002
  0.688442211055276       5.809797681237734E-002
  0.698492462311558       4.752843667424367E-002
  0.708542713567839       3.624647452238549E-002
  0.718592964824121       2.444050491701482E-002
  0.728643216080402       1.231681015144643E-002
  0.738693467336683       9.750714588679315E-005
  0.748743718592965      -1.198196212885671E-002
  0.758793969849246      -2.367585466028018E-002
  0.768844221105528      -3.473170428412416E-002
  0.778894472361809      -4.489449441386100E-002
  0.788944723618090      -5.391146810250259E-002
  0.798994974874372      -6.153761948794467E-002
  0.809045226130653      -6.754191225570162E-002
  0.819095477386935      -7.171427235969120E-002
  0.829145728643216      -7.387340387272689E-002
  0.839195979899497      -7.387547849355490E-002
  0.849246231155779      -7.162375091663094E-002
  0.859296482412060      -6.707915397437890E-002
  0.869346733668342      -6.027192918939765E-002
  0.879396984924623      -5.131435012599300E-002
  0.889447236180904      -4.041459770650212E-002
  0.899497487437186      -2.789184845815791E-002
  0.909547738693467      -1.419263848068997E-002
  0.919597989949749       9.143222649200087E-005
  0.929648241206030       1.420458856586802E-002
  0.939698492462312       2.720629386346082E-002
  0.949748743718593       3.794911778070634E-002
  0.959798994974874       4.505498634131586E-002
  0.969849246231156       4.688973982833749E-002
  0.979899497487437       4.153592231289501E-002
  0.989949748743719       2.676372455815893E-002
   1.00000000000000       0.000000000000000E+000
 
  -1.00000000000000       0.000000000000000E+000
 -0.989949748743719       0.756342131590685     
 -0.979899497487437        1.36231506459259     
 -0.969849246231156        1.83573681921920     
 -0.959798994974874        2.19293497044846     
 -0.949748743718593        2.44883824009213     
 -0.939698492462312        2.61706397802088     
 -0.929648241206030        2.71000166159691     
 -0.919597989949749        2.73889253981035     
 -0.909547738693467        2.71390554608492     
 -0.899497487437186        2.64420960121116     
 -0.889447236180904        2.53804242538281     
 -0.879396984924623        2.40277597585347     
 -0.869346733668342        2.24497862429608     
 -0.859296482412060        2.07047418553793     
 -0.849246231155779        1.88439790695736     
 -0.839195979899497        1.69124952546697     
 -0.829145728643216        1.49494349667024     
 -0.819095477386935        1.29885649846497     
 -0.809045226130653        1.10587230907792     
 -0.798994974874372       0.918424157249543     
 -0.788944723618090       0.738534640047128     
 -0.778894472361809       0.567853301567747     
 -0.768844221105528       0.407691963599858     
 -0.758793969849246       0.259057897144092     
 -0.748743718592965       0.122684921549552     
 -0.738693467336683      -9.374840981025966E-004
 -0.728643216080402      -0.111536974796285     
 -0.718592964824121      -0.209032958183992     
 -0.708542713567839      -0.293512959417829     
 -0.698492462311558      -0.365210655967418     
 -0.688442211055276      -0.424485507931222     
 -0.678391959798995      -0.471803911448666     
 -0.668341708542714      -0.507721804735190     
 -0.658291457286432      -0.532868658193425     
 -0.648241206030151      -0.547932781956020     
 -0.638190954773869      -0.553647886093853     
 -0.628140703517588      -0.550780830577345     
 -0.618090452261307      -0.540120503908404     
 -0.608040201005025      -0.522467771146180     
 -0.597989949748744      -0.498626433831226     
 -0.587939698492462      -0.469395146069969     
 -0.577889447236181      -0.435560232774439     
 -0.567839195979900      -0.397889357761133     
 -0.557788944723618      -0.357125991097592     
 -0.547738693467337      -0.313984626745807     
 -0.537688442211055      -0.269146703187935     
 -0.527638190954774      -0.223257181331957     
 -0.517587939698492      -0.176921735582903     
 -0.507537688442211      -0.130704515529087     
 -0.497487437185930      -8.512643723239065E-002
 -0.487437185929648      -4.066396462708783E-002
 -0.477386934673367       2.251656977030601E-003
 -0.467336683417085       4.323475182443444E-002
 -0.457286432160804       8.194518417081303E-002
 -0.447236180904523       0.118087981942800     
 -0.437185929648241       0.151412645881531     
 -0.427135678391960       0.181712175080754     
 -0.417085427135678       0.208821838484037     
 -0.407035175879397       0.232617720583685     
 -0.396984924623116       0.253015068266137     
 -0.386934673366834       0.269966464475022     
 -0.376884422110553       0.283459853113652     
 -0.366834170854271       0.293516438383437     
 -0.356783919597990       0.300188480553674     
 -0.346733668341708       0.303557008981295     
 -0.336683417085427       0.303729472046421     
 -0.326633165829146       0.300837342541105     
 -0.316582914572864       0.295033695944270     
 -0.306532663316583       0.286490777935738     
 -0.296482412060301       0.275397576446262     
 -0.286432160804020       0.261957412508688     
 -0.276381909547739       0.246385563167782     
 -0.266331658291457       0.228906928722846     
 -0.256281407035176       0.209753755617997     
 -0.246231155778894       0.189163425359944     
 -0.236180904522613       0.167376318932227     
 -0.226130653266332       0.144633765288197     
 -0.216080402010050       0.121176081642508     
 -0.206030150753769       9.724071244258277E-002
 -0.195979899497487       7.306047308736302E-002
 -0.185929648241206       4.886190367071521E-002
 -0.175879396984925       2.486373726107980E-002
 -0.165829145728643       1.275486487371399E-003
 -0.155778894472362      -2.170384851627596E-002
 -0.145728643216080      -4.388694844754183E-002
 -0.135678391959799      -6.509921776439319E-002
 -0.125628140703518      -8.517970115952878E-002
 -0.115577889447236      -0.103981873155983     
 -0.105527638190955      -0.121374300995588     
 -9.547738693467334E-002 -0.137241181564283     
 -8.542713567839200E-002 -0.151482753646404     
 -7.537688442211055E-002 -0.164015587324019     
 -6.532663316582910E-002 -0.174772752837135     
 -5.527638190954776E-002 -0.183703871696188     
 -4.522613065326631E-002 -0.190775053289616     
 -3.517587939698497E-002 -0.195968720656531     
 -2.512562814070352E-002 -0.199283329497534     
 -1.507537688442206E-002 -0.200732984875556     
 -5.025125628140725E-003 -0.200346960413295     
  5.025125628140614E-003 -0.198169125124269     
  1.507537688442206E-002 -0.194257283320827     
  2.512562814070352E-002 -0.188682433324570     
  3.517587939698497E-002 -0.181527950962552     
  4.522613065326642E-002 -0.172888704066413     
  5.527638190954764E-002 -0.162870104401119     
  6.532663316582910E-002 -0.151587103635415     
  7.537688442211055E-002 -0.139163140127259     
  8.542713567839200E-002 -0.125729043434557     
  9.547738693467345E-002 -0.111421903574319     
  0.105527638190955      -9.638391214204590E-002
  0.115577889447236      -8.076118246760641E-002
  0.125628140703518      -6.470255602414501E-002
  0.135678391959799      -4.835840232269159E-002
  0.145728643216080      -3.187941951703750E-002
  0.155778894472362      -1.541544291120161E-002
  0.165829145728643       8.857314946429177E-004
  0.175879396984925       1.687950136453649E-002
  0.185929648241206       3.242558334295287E-002
  0.195979899497488       4.738910250543333E-002
  0.206030150753769       6.164163927535910E-002
  0.216080402010050       7.506222731595193E-002
  0.226130653266332       8.753829610813155E-002
  0.236180904522613       9.896655215057688E-002
  0.246231155778895       0.109253792968255     
  0.256281407035176       0.118317648389755     
  0.266331658291457       0.126087243852059     
  0.276381909547739       0.132503780813799     
  0.286432160804020       0.137521029704736     
  0.296482412060302       0.141105731209969     
  0.306532663316583       0.143237902082420     
  0.316582914572864       0.143911042096303     
  0.326633165829146       0.143132239197675     
  0.336683417085427       0.140922170375689     
  0.346733668341709       0.137314996269943     
  0.356783919597990       0.132358148045193     
  0.366834170854271       0.126112005604828     
  0.376884422110553       0.118649466778782     
  0.386934673366834       0.110055407710003     
  0.396984924623116       0.100426035276285     
  0.407035175879397       8.986813302104932E-002
  0.417085427135678       7.849820272773621E-002
  0.427135678391960       6.644150445760109E-002
  0.437185929648241       5.383099858014036E-002
  0.447236180904523       4.080619405890164E-002
  0.457286432160804       2.751190801319292E-002
  0.467336683417085       1.409694235812890E-002
  0.477386934673367       7.126841315609451E-004
  0.487437185929648      -1.248836305326258E-002
  0.497487437185930      -2.535410813599388E-002
  0.507537688442211      -3.773445314645981E-002
  0.517587939698493      -4.948291507609613E-002
  0.527638190954774      -6.045827808169822E-002
  0.537688442211055      -7.052626406844037E-002
  0.547738693467337      -7.956120872371936E-002
  0.557788944723618      -8.744772907381497E-002
  0.567839195979900      -9.408236761159501E-002
  0.577889447236181      -9.937519699555984E-002
  0.587939698492462      -0.103251368248398     
  0.597989949748744      -0.105652584286922     
  0.608040201005025      -0.106538479494762     
  0.618090452261307      -0.105887884904533     
  0.628140703517588      -0.103699957387337     
  0.638190954773869      -9.999515005441340E-002
  0.648241206030151      -9.481599985855590E-002
  0.658291457286432      -8.822770714149607E-002
  0.668341708542714      -8.031848060787304E-002
  0.678391959798995      -7.119961991664908E-002
  0.688442211055276      -6.100530676687338E-002
  0.698492462311558      -4.989207401657229E-002
  0.708542713567839      -3.803792101122054E-002
  0.718592964824121      -2.564104191175949E-002
  0.728643216080402      -1.291813240144151E-002
  0.738693467336683      -1.022387159182988E-004
  0.748743718592965       1.255988851805093E-002
  0.758793969849246       2.481097463313318E-002
  0.768844221105528       3.638697596646154E-002
  0.778894472361809       4.702145163604456E-002
  0.788944723618090       5.645059564118637E-002
  0.798994974874372       6.441897445951354E-002
  0.809045226130653       7.068601691735490E-002
  0.819095477386935       7.503330473854042E-002
  0.829145728643216       7.727271382919437E-002
  0.839195979899497       7.725545803279280E-002
  0.849246231155779       7.488208879062389E-002
  0.859296482412060       7.011350586785149E-002
  0.869346733668342       6.298303605461832E-002
  0.879396984924623       5.360963852504964E-002
  0.889447236180904       4.221229733462083E-002
  0.899497487437186       2.912566335814567E-002
  0.909547738693467       1.481700981660491E-002
  0.919597989949749      -9.543258880477798E-005
  0.929648241206030      -1.482269302268784E-002
  0.939698492462312      -2.838376051030237E-002
  0.949748743718593      -3.958269480730784E-002
  0.959798994974874      -4.698407440359545E-002
  0.969849246231156      -4.888670592930854E-002
  0.979899497487437      -4.329551721591802E-002
  0.989949748743719      -2.789155422578182E-002
   1.00000000000000       0.000000000000000E+000
 
  -1.00000000000000       0.000000000000000E+000
 -0.989949748743719      -0.212036546616340     
 -0.979899497487437      -0.341054374446258     
 -0.969849246231156      -0.399721156822848     
 -0.959798994974874      -0.399496279009106     
 -0.949748743718593      -0.350711161464183     
 -0.939698492462312      -0.262645788555964     
 -0.929648241206030      -0.143601566135557     
 -0.919597989949749      -9.706288822995968E-004
 -0.909547738693467       0.158698284154900     
 -0.899497487437186       0.329637269852687     
 -0.889447236180904       0.506799903612040     
 -0.879396984924623       0.685804973138181     
 -0.869346733668342       0.862883194665128     
 -0.859296482412060        1.03482680525024     
 -0.849246231155779        1.19894192710188     
 -0.839195979899497        1.35300360221677     
 -0.829145728643216        1.49521339789289     
 -0.819095477386935        1.62415948594909     
 -0.809045226130653        1.73877910072334     
 -0.798994974874372        1.83832328313844     
 -0.788944723618090        1.92232382031661     
 -0.778894472361809        1.99056229239270     
 -0.768844221105528        2.04304114032015     
 -0.758793969849246        2.07995667058366     
 -0.748743718592965        2.10167391482859     
 -0.738693467336683        2.10870326448876     
 -0.728643216080402        2.10167880254160     
 -0.718592964824121        2.08133825654331     
 -0.708542713567839        2.04850449909542     
 -0.698492462311558        2.00406852386941     
 -0.688442211055276        1.94897382726652     
 -0.678391959798995        1.88420212771682     
 -0.668341708542714        1.81076035652365     
 -0.658291457286432        1.72966885603803     
 -0.648241206030151        1.64195072280143     
 -0.638190954773869        1.54862223512553     
 -0.628140703517588        1.45068430638276     
 -0.618090452261307        1.34911490706329     
 -0.608040201005025        1.24486240041135     
 -0.597989949748744        1.13883973818676     
 -0.587939698492462        1.03191946480661     
 -0.577889447236181       0.924929479806773     
 -0.567839195979900       0.818649510223522     
 -0.557788944723618       0.713808246131736     
 -0.547738693467337       0.611081094188716     
 -0.537688442211055       0.511088505620337     
 -0.527638190954774       0.414394836650315     
 -0.517587939698492       0.321507700912913     
 -0.507537688442211       0.232877774904939     
 -0.497487437185930       0.148899019024191     
 -0.487437185929648       6.990927820855088E-002
 -0.477386934673367      -3.808772367052816E-003
 -0.467336683417085      -7.202636965992069E-002
 -0.457286432160804      -0.134567124924608     
 -0.447236180904523      -0.191305236032828     
 -0.437185929648241      -0.242163478961182     
 -0.427135678391960      -0.287111006137644     
 -0.417085427135678      -0.326160978039878     
 -0.407035175879397      -0.359368053164847     
 -0.396984924623116      -0.386825760239693     
 -0.386934673366834      -0.408663775318562     
 -0.376884422110553      -0.425045125209004     
 -0.366834170854271      -0.436163337494587     
 -0.356783919597990      -0.442239556267699     
 -0.346733668341708      -0.443519641557905     
 -0.336683417085427      -0.440271269336891     
 -0.326633165829146      -0.432781047900835     
 -0.316582914572864      -0.421351665375013     
 -0.306532663316583      -0.406299082053675     
 -0.296482412060301      -0.387949780280553     
 -0.286432160804020      -0.366638083591907     
 -0.276381909547739      -0.342703555884767     
 -0.266331658291457      -0.316488490437925     
 -0.256281407035176      -0.288335497702304     
 -0.246231155778894      -0.258585199890662     
 -0.236180904522613      -0.227574039533973     
 -0.226130653266332      -0.195632208333540     
 -0.216080402010050      -0.163081701823675     
 -0.206030150753769      -0.130234504569793     
 -0.195979899497487      -9.739090986097759E-002
 -0.185929648241206      -6.483797711443297E-002
 -0.175879396984925      -3.284812949178523E-002
 -0.165829145728643      -1.677893533956407E-003
 -0.155778894472362       2.843321804776576E-002
 -0.145728643216080       5.726367993172306E-002
 -0.135678391959799       8.461078422492135E-002
 -0.125628140703518       0.110291327705621     
 -0.115577889447236       0.134142157566326     
 -0.105527638190955       0.156020577502208     
 -9.547738693467334E-002  0.175804616513958     
 -8.542713567839200E-002  0.193393163293860     
 -7.537688442211055E-002  0.208705969539531     
 -6.532663316582910E-002  0.221683525991151     
 -5.527638190954776E-002  0.232286815415304     
 -4.522613065326631E-002  0.240496947161596     
 -3.517587939698497E-002  0.246314678297105     
 -2.512562814070352E-002  0.249759826678429     
 -1.507537688442206E-002  0.250870581651597     
 -5.025125628140725E-003  0.249702718376482     
  5.025125628140614E-003  0.246328722054459     
  1.507537688442206E-002  0.240836828596069     
  2.512562814070352E-002  0.233329988499216     
  3.517587939698497E-002  0.223924760918023     
  4.522613065326642E-002  0.212750145087916     
  5.527638190954764E-002  0.199946356433732     
  6.532663316582910E-002  0.185663554824699     
  7.537688442211055E-002  0.170060532553043     
  8.542713567839200E-002  0.153303369701606     
  9.547738693467345E-002  0.135564064630443     
  0.105527638190955       0.117019147352639     
  0.115577889447236       9.784828358574062E-002
  0.125628140703518       7.823287725718280E-002
  0.135678391959799       5.835467920983085E-002
  0.145728643216080       3.839440979738479E-002
  0.155778894472362       1.853040297878602E-002
  0.165829145728643      -1.062720583994346E-003
  0.175879396984925      -2.021534404936734E-002
  0.185929648241206      -3.876410131844484E-002
  0.195979899497488      -5.655307331130675E-002
  0.206030150753769      -7.343492675374477E-002
  0.216080402010050      -8.927198885670502E-002
  0.226130653266332      -0.103937251520516     
  0.236180904522613      -0.117315298970038     
  0.246231155778895      -0.129303153025102     
  0.256281407035176      -0.139811030533033     
  0.266331658291457      -0.148763007836627     
  0.276381909547739      -0.156097587521763     
  0.286432160804020      -0.161768163083768     
  0.296482412060302      -0.165743377570819     
  0.306532663316583      -0.168007372705992     
  0.316582914572864      -0.168559925457059     
  0.326633165829146      -0.167416469514876     
  0.336683417085427      -0.164607999657033     
  0.346733668341709      -0.160180857513528     
  0.356783919597990      -0.154196397815462     
  0.366834170854271      -0.146730534796182     
  0.376884422110553      -0.137873169026904     
  0.386934673366834      -0.127727495605639     
  0.396984924623116      -0.116409195279228     
  0.407035175879397      -0.104045510763443     
  0.417085427135678      -9.077421123545029E-002
  0.427135678391960      -7.674244870646905E-002
  0.437185929648241      -6.210551074013977E-002
  0.447236180904523      -4.702547476403180E-002
  0.457286432160804      -3.166977002777537E-002
  0.467336683417085      -1.620965409156371E-002
  0.477386934673367      -8.186115832048713E-004
  0.487437185929648       1.432931615946964E-002
  0.497487437185930       2.906126104124105E-002
  0.507537688442211       4.320730731058876E-002
  0.517587939698493       5.660230841146743E-002
  0.527638190954774       6.908772921266465E-002
  0.537688442211055       8.051350024209571E-002
  0.547738693467337       9.073986952966964E-002
  0.557788944723618       9.963923661447059E-002
  0.567839195979900       0.107097952199906     
  0.577889447236181       0.113018065844211     
  0.587939698492462       0.117319002953261     
  0.597989949748744       0.119939151197987     
  0.608040201005025       0.120837335309905     
  0.618090452261307       0.119994158015260     
  0.628140703517588       0.117413183651094     
  0.638190954773869       0.113121939765211     
  0.648241206030151       0.107172710736446     
  0.658291457286432       9.964309616193295E-002
  0.668341708542714       9.063630544412855E-002
  0.678391959798995       8.028115867230197E-002
  0.688442211055276       6.873176253087394E-002
  0.698492462311558       5.616682858056682E-002
  0.708542713567839       4.278859984766412E-002
  0.718592964824121       2.882135022186504E-002
  0.728643216080402       1.450941970420656E-002
  0.738693467336683       1.147470633355921E-004
  0.748743718592965      -1.408614004895308E-002
  0.758793969849246      -2.780571900356428E-002
  0.768844221105528      -4.074969315771366E-002
  0.778894472361809      -5.262188449260932E-002
  0.788944723618090      -6.312984414561336E-002
  0.798994974874372      -7.199122868557559E-002
  0.809045226130653      -7.894099163250973E-002
  0.819095477386935      -8.373944139942668E-002
  0.829145728643216      -8.618121853497869E-002
  0.839195979899497      -8.610524687058713E-002
  0.849246231155779      -8.340571492492455E-002
  0.859296482412060      -7.804414569200856E-002
  0.869346733668342      -7.006261473672899E-002
  0.879396984924623      -5.959817834338197E-002
  0.889447236180904      -4.689857530871130E-002
  0.899497487437186      -3.233926784108194E-002
  0.909547738693467      -1.644188892169654E-002
  0.919597989949749       1.058345977445614E-004
  0.929648241206030       1.642861194387964E-002
  0.939698492462312       3.144049823311397E-002
  0.949748743718593       4.382010897069910E-002
  0.959798994974874       5.198406204732307E-002
  0.969849246231156       5.405856800366440E-002
  0.979899497487437       4.784908726979286E-002
  0.989949748743719       3.080797099853785E-002
   1.00000000000000       0.000000000000000E+000
 
  -1.00000000000000       0.000000000000000E+000
 -0.989949748743719       0.104015405251680     
 -0.979899497487437       0.163826935241138     
 -0.969849246231156       0.187764091606956     
 -0.959798994974874       0.183240242624372     
 -0.949748743718593       0.156819655289715     
 -0.939698492462312       0.114281140685071     
 -0.929648241206030       6.067842828847918E-002
 -0.919597989949749       3.973824576999628E-004
 -0.909547738693467      -6.278982809742330E-002
 -0.899497487437186      -0.125673499427893     
 -0.889447236180904      -0.185557993982304     
 -0.879396984924623      -0.240216071046468     
 -0.869346733668342      -0.287845844581287     
 -0.859296482412060      -0.327030269346358     
 -0.849246231155779      -0.356699058464790     
 -0.839195979899497      -0.376092937828439     
 -0.829145728643216      -0.384730144962385     
 -0.819095477386935      -0.382375082162867     
 -0.809045226130653      -0.369009035894113     
 -0.798994974874372      -0.344802876576540     
 -0.788944723618090      -0.310091655021666     
 -0.778894472361809      -0.265351013867745     
 -0.768844221105528      -0.211175334444602     
 -0.758793969849246      -0.148257541546503     
 -0.748743718592965      -7.737049061796636E-002
 -0.738693467336683       6.501361405895911E-004
 -0.728643216080402       8.492149626275204E-002
 -0.718592964824121       0.174527885663345     
 -0.708542713567839       0.268533737075395     
 -0.698492462311558       0.365995384004013     
 -0.688442211055276       0.465971654043341     
 -0.678391959798995       0.567533353545902     
 -0.668341708542714       0.669771703800970     
 -0.658291457286432       0.771805787070166     
 -0.648241206030151       0.872789059044111     
 -0.638190954773869       0.971914982523939     
 -0.628140703517588        1.06842183539547     
 -0.618090452261307        1.16159674425211     
 -0.608040201005025        1.25077899333506     
 -0.597989949748744        1.33536265679586     
 -0.587939698492462        1.41479860064729     
 -0.577889447236181        1.48859589915348     
 -0.567839195979900        1.55632270881936     
 -0.557788944723618        1.61760664157281     
 -0.547738693467337        1.67213467719055     
 -0.537688442211055        1.71965265350034     
 -0.527638190954774        1.75996437139820     
 -0.517587939698492        1.79293035024908     
 -0.507537688442211        1.81846626779419     
 -0.497487437185930        1.83654111726602     
 -0.487437185929648        1.84717511301529     
 -0.477386934673367        1.85043737458047     
 -0.467336683417085        1.84644341778171     
 -0.457286432160804        1.83535248009620     
 -0.447236180904523        1.81736470627111     
 -0.437185929648241        1.79271821885422     
 -0.427135678391960        1.76168609706956     
 -0.417085427135678        1.72457328623778     
 -0.407035175879397        1.68171345873670     
 -0.396984924623116        1.63346584631799     
 -0.386934673366834        1.58021206244015     
 -0.376884422110553        1.52235293214696     
 -0.366834170854271        1.46030534591296     
 -0.356783919597990        1.39449915279487     
 -0.346733668341708        1.32537410716890     
 -0.336683417085427        1.25337688229918     
 -0.326633165829146        1.17895816297238     
 -0.316582914572864        1.10256982844700     
 -0.306532663316583        1.02466223600387     
 -0.296482412060301       0.945681614446654     
 -0.286432160804020       0.866067575987049     
 -0.276381909547739       0.786250754060300     
 -0.266331658291457       0.706650573750929     
 -0.256281407035176       0.627673160667596     
 -0.246231155778894       0.549709393288999     
 -0.236180904522613       0.473133103009859     
 -0.226130653266332       0.398299425347493     
 -0.216080402010050       0.325543305025001     
 -0.206030150753769       0.255178156926817     
 -0.195979899497487       0.187494684226360     
 -0.185929648241206       0.122759854313595     
 -0.175879396984925       6.121603250260527E-002
 -0.165829145728643       3.080272875776740E-003
 -0.155778894472362      -5.145623497815765E-002
 -0.145728643216080      -0.102228565150128     
 -0.135678391959799      -0.149098302889657     
 -0.125628140703518      -0.191953643272411     
 -0.115577889447236      -0.230709344454612     
 -0.105527638190955      -0.265306539391065     
 -9.547738693467334E-002 -0.295712410347713     
 -8.542713567839200E-002 -0.321919730969755     
 -7.537688442211055E-002 -0.343946281072198     
 -6.532663316582910E-002 -0.361834139701443     
 -5.527638190954776E-002 -0.375648862373981     
 -4.522613065326631E-002 -0.385478548731643     
 -3.517587939698497E-002 -0.391432807161952     
 -2.512562814070352E-002 -0.393641623217136     
 -1.507537688442206E-002 -0.392254138926088     
 -5.025125628140725E-003 -0.387437350330212     
  5.025125628140614E-003 -0.379374730786463     
  1.507537688442206E-002 -0.368264787769146     
  2.512562814070352E-002 -0.354319561066093     
  3.517587939698497E-002 -0.337763070404674     
  4.522613065326642E-002 -0.318829720658820     
  5.527638190954764E-002 -0.297762672879707     
  6.532663316582910E-002 -0.274812189460087     
  7.537688442211055E-002 -0.250233961785372     
  8.542713567839200E-002 -0.224287428743549     
  9.547738693467345E-002 -0.197234094460753     
  0.105527638190955      -0.169335853599926     
  0.115577889447236      -0.140853332506395     
  0.125628140703518      -0.112044254406408     
  0.135678391959799      -8.316183676272310E-002
  0.145728643216080      -5.445322876520223E-002
  0.155778894472362      -2.615799678400770E-002
  0.165829145728643       1.493334561470514E-003
  0.175879396984925       2.828067826355597E-002
  0.185929648241206       5.399571048554359E-002
  0.195979899497488       7.844311883480429E-002
  0.206030150753769       0.101441766636487     
  0.216080402010050       0.122825766790002     
  0.226130653266332       0.142445459110081     
  0.236180904522613       0.160168285397982     
  0.246231155778895       0.175879556856400     
  0.256281407035176       0.189483108853781     
  0.266331658291457       0.200901838460086     
  0.276381909547739       0.210078120616574     
  0.286432160804020       0.216974099266860     
  0.296482412060302       0.221571850265406     
  0.306532663316583       0.223873413392673     
  0.316582914572864       0.223900691343396     
  0.326633165829146       0.221695214115902     
  0.336683417085427       0.217317767815989     
  0.346733668341709       0.210847887498689     
  0.356783919597990       0.202383214305233     
  0.366834170854271       0.192038717810686     
  0.376884422110553       0.179945785180070     
  0.386934673366834       0.166251179437341     
  0.396984924623116       0.151115869882275     
  0.407035175879397       0.134713738445236     
  0.417085427135678       0.117230166548868     
  0.427135678391960       9.886050784901361E-002
  0.437185929648241       7.980845305462091E-002
  0.447236180904523       6.028429387800966E-002
  0.457286432160804       4.050309404269119E-002
  0.467336683417085       2.068277617592823E-002
  0.477386934673367       1.042134337391420E-003
  0.487437185929648      -1.820121711635984E-002
  0.497487437185930      -3.683294665931852E-002
  0.507537688442211      -5.464414804639943E-002
  0.517587939698493      -7.143350839684466E-002
  0.527638190954774      -8.700948717567872E-002
  0.537688442211055      -0.101192490268957     
  0.547738693467337      -0.113817022255087     
  0.557788944723618      -0.124733798856879     
  0.567839195979900      -0.133811800417139     
  0.577889447236181      -0.140940246074631     
  0.587939698492462      -0.146030467127049     
  0.597989949748744      -0.149017656853242     
  0.608040201005025      -0.149862472828421     
  0.618090452261307      -0.148552466503316     
  0.628140703517588      -0.145103313531336     
  0.638190954773869      -0.139559817016694     
  0.648241206030151      -0.131996654521159     
  0.658291457286432      -0.122518838307650     
  0.668341708542714      -0.111261856915214     
  0.678391959798995      -9.839146475212386E-002
  0.688442211055276      -8.410308496178748E-002
  0.698492462311558      -6.862078935999559E-002
  0.708542713567839      -5.219581776161664E-002
  0.718592964824121      -3.510459751031762E-002
  0.728643216080402      -1.764622249612230E-002
  0.738693467336683      -1.393493926958282E-004
  0.748743718592965       1.708153273086298E-002
  0.758793969849246       3.367050487024677E-002
  0.768844221105528       4.927533969017237E-002
  0.778894472361809       6.354339099427911E-002
  0.788944723618090       7.612830145619356E-002
  0.798994974874372       8.669758070528133E-002
  0.809045226130653       9.494110758282615E-002
  0.819095477386935       0.100580612130758     
  0.829145728643216       0.103380194645629     
  0.839195979899497       0.103157940925303     
  0.849246231155779       9.979869465474087E-002
  0.859296482412060       9.326804972041984E-002
  0.869346733668342       8.362762711019606E-002
  0.879396984924623       7.105170294693688E-002
  0.889447236180904       5.584525611989936E-002
  0.899497487437186       3.846350591770195E-002
  0.909547738693467       1.953301203075825E-002
  0.919597989949749      -1.255887207266823E-004
  0.929648241206030      -1.947313256470064E-002
  0.939698492462312      -3.722568745606851E-002
  0.949748743718593      -5.182643979049838E-002
  0.959798994974874      -6.141562660243673E-002
  0.969849246231156      -6.379842858738971E-002
  0.979899497487437      -5.641073715522231E-002
  0.989949748743719      -3.628270656372325E-002
   1.00000000000000       0.000000000000000E+000
 
  -1.00000000000000       0.000000000000000E+000
 -0.989949748743719      -6.458148819649448E-002
 -0.979899497487437      -0.100951237656055     
 -0.969849246231156      -0.114801304459791     
 -0.959798994974874      -0.111134663449695     
 -0.949748743718593      -9.432006947076621E-002
 -0.939698492462312      -6.814395146469045E-002
 -0.929648241206030      -3.585944638729226E-002
 -0.919597989949749      -2.326775683480821E-004
 -0.909547738693467       3.641362019712249E-002
 -0.899497487437186       7.215902884225581E-002
 -0.889447236180904       0.105446830803681     
 -0.879396984924623       0.135047752932980     
 -0.869346733668342       0.160025977331162     
 -0.859296482412060       0.179707328101613     
 -0.849246231155779       0.193649545201338     
 -0.839195979899497       0.201614558730495     
 -0.829145728643216       0.203542679136218     
 -0.819095477386935       0.199528620918554     
 -0.809045226130653       0.189799279513967     
 -0.798994974874372       0.174693183095308     
 -0.788944723618090       0.154641543066428     
 -0.778894472361809       0.130150829044694     
 -0.768844221105528       0.101786796115568     
 -0.758793969849246       7.015989411014054E-002
 -0.748743718592965       3.591199059902424E-002
 -0.738693467336683      -2.956587855951846E-004
 -0.728643216080402      -3.779325719382234E-002
 -0.718592964824121      -7.591219319187974E-002
 -0.708542713567839      -0.113993707964162     
 -0.698492462311558      -0.151396562040143     
 -0.688442211055276      -0.187503758705335     
 -0.678391959798995      -0.221728379482223     
 -0.668341708542714      -0.253518585318044     
 -0.658291457286432      -0.282361835391367     
 -0.648241206030151      -0.307788373748730     
 -0.638190954773869      -0.329374032306071     
 -0.628140703517588      -0.346742397097327     
 -0.618090452261307      -0.359566383024431     
 -0.608040201005025      -0.367569260758947     
 -0.597989949748744      -0.370525177865799     
 -0.587939698492462      -0.368259214663921     
 -0.577889447236181      -0.360647013807240     
 -0.567839195979900      -0.347614021062148     
 -0.557788944723618      -0.329134373274558     
 -0.547738693467337      -0.305229468060756     
 -0.537688442211055      -0.275966248321560     
 -0.527638190954774      -0.241455233268788     
 -0.517587939698492      -0.201848326266695     
 -0.507537688442211      -0.157336428428890     
 -0.497487437185930      -0.108146885573288     
 -0.487437185929648      -5.454079482383976E-002
 -0.477386934673367       3.189804141777577E-003
 -0.467336683417085       6.472482946479299E-002
 -0.457286432160804       0.129719126605785     
 -0.447236180904523       0.197805485697483     
 -0.437185929648241       0.268597686667355     
 -0.427135678391960       0.341693553216100     
 -0.417085427135678       0.416677997882635     
 -0.407035175879397       0.493126041546547     
 -0.396984924623116       0.570605791815065     
 -0.386934673366834       0.648681365813598     
 -0.376884422110553       0.726915743946645     
 -0.366834170854271       0.804873542219477     
 -0.356783919597990       0.882123691710404     
 -0.346733668341708       0.958242014758658     
 -0.336683417085427        1.03281368838397     
 -0.326633165829146        1.10543558638078     
 -0.316582914572864        1.17571849243271     
 -0.306532663316583        1.24328917747138     
 -0.296482412060301        1.30779233535799     
 -0.286432160804020        1.36889237179630     
 -0.276381909547739        1.42627504219135     
 -0.266331658291457        1.47964893495033     
 -0.256281407035176        1.52874679747939     
 -0.246231155778894        1.57332670286357     
 -0.236180904522613        1.61317305592637     
 -0.226130653266332        1.64809743805048     
 -0.216080402010050        1.67793929080188     
 -0.206030150753769        1.70256643903643     
 -0.195979899497487        1.72187545478041     
 -0.185929648241206        1.73579186376474     
 -0.175879396984925        1.74427019705682     
 -0.165829145728643        1.74729389077390     
 -0.155778894472362        1.74487503737746     
 -0.145728643216080        1.73705399253980     
 -0.135678391959799        1.72389884204143     
 -0.125628140703518        1.70550473360098     
 -0.115577889447236        1.68199307895841     
 -0.105527638190955        1.65351063192714     
 -9.547738693467334E-002   1.62022844850137     
 -8.542713567839200E-002   1.58234073545126     
 -7.537688442211055E-002   1.54006359416122     
 -6.532663316582910E-002   1.49363366676414     
 -5.527638190954776E-002   1.44330669189892     
 -4.522613065326631E-002   1.38935597766786     
 -3.517587939698497E-002   1.33207079959648     
 -2.512562814070352E-002   1.27175473159938     
 -1.507537688442206E-002   1.20872391813314     
 -5.025125628140725E-003   1.14330529587017     
  5.025125628140614E-003   1.07583477335627     
  1.507537688442206E-002   1.00665537721943     
  2.512562814070352E-002  0.936115373577612     
  3.517587939698497E-002  0.864566373349704     
  4.522613065326642E-002  0.792361430206017     
  5.527638190954764E-002  0.719853139902344     
  6.532663316582910E-002  0.647391749725573     
  7.537688442211055E-002  0.575323286738291     
  8.542713567839200E-002  0.503987713445173     
  9.547738693467345E-002  0.433717119415175     
  0.105527638190955       0.364833957280528     
  0.115577889447236       0.297649331396332     
  0.125628140703518       0.232461347283219     
  0.135678391959799       0.169553529789985     
  0.145728643216080       0.109193317703343     
  0.155778894472362       5.163064229807173E-002
  0.165829145728643      -2.903402937287158E-003
  0.175879396984925      -5.419779444631322E-002
  0.185929648241206      -0.102062705975733     
  0.195979899497488      -0.146330524855846     
  0.206030150753769      -0.186856751229385     
  0.216080402010050      -0.223520774646884     
  0.226130653266332      -0.256226522849832     
  0.236180904522613      -0.284902977990215     
  0.246231155778895      -0.309504555986679     
  0.256281407035176      -0.330011345193242     
  0.266331658291457      -0.346429201056406     
  0.276381909547739      -0.358789693960664     
  0.286432160804020      -0.367149908010640     
  0.296482412060302      -0.371592089070624     
  0.306532663316583      -0.372223140978877     
  0.316582914572864      -0.369173969474933     
  0.326633165829146      -0.362598674023178     
  0.336683417085427      -0.352673588385121     
  0.346733668341709      -0.339596171486248     
  0.356783919597990      -0.323583750840835     
  0.366834170854271      -0.304872121539914     
  0.376884422110553      -0.283714004573476     
  0.386934673366834      -0.260377369048151     
  0.396984924623116      -0.235143623675875     
  0.407035175879397      -0.208305683747556     
  0.417085427135678      -0.180165920668415     
  0.427135678391960      -0.151034002018520     
  0.437185929648241      -0.121224631013078     
  0.447236180904523      -9.105519517225136E-002
  0.457286432160804      -6.084333496966628E-002
  0.467336683417085      -3.090444421237080E-002
  0.477386934673367      -1.549114912749045E-003
  0.487437185929648       2.691945955513669E-002
  0.497487437185930       5.420810816619878E-002
  0.507537688442211       8.003631689305984E-002
  0.517587939698493       0.104138857259478     
  0.527638190954774       0.126268390636385     
  0.537688442211055       0.146198028965604     
  0.547738693467337       0.163723831419269     
  0.557788944723618       0.178667215301732     
  0.567839195979900       0.190877258275360     
  0.577889447236181       0.200232867742001     
  0.587939698492462       0.206644791938154     
  0.597989949748744       0.210057446003889     
  0.608040201005025       0.210450524963454     
  0.618090452261307       0.207840374209161     
  0.628140703517588       0.202281086709653     
  0.638190954773869       0.193865294768945     
  0.648241206030151       0.182724622743786     
  0.658291457286432       0.169029765683820     
  0.668341708542714       0.152990157391779     
  0.678391959798995       0.134853189909548     
  0.688442211055276       0.114902944920311     
  0.698492462311558       9.345839601721978E-002
  0.708542713567839       7.087103922505507E-002
  0.718592964824121       4.752190757318923E-002
  0.728643216080402       2.381792390584444E-002
  0.738693467336683       1.875444791044774E-004
  0.748743718592965      -2.292435576654278E-002
  0.758793969849246      -4.506240705425649E-002
  0.768844221105528      -6.576753024465920E-002
  0.778894472361809      -8.458463817384745E-002
  0.788944723618090      -0.101071308851456     
  0.798994974874372      -0.114807488296241     
  0.809045226130653      -0.125406282592453     
  0.819095477386935      -0.132525900580243     
  0.829145728643216      -0.135882810447511     
  0.839195979899497      -0.135266175368946     
  0.849246231155779      -0.130553635240531     
  0.859296482412060      -0.121728503484517     
  0.869346733668342      -0.108898449850728     
  0.879396984924623      -9.231574211517365E-002
  0.889447236180904      -7.239912157616279E-002
  0.899497487437186      -4.975738927160073E-002
  0.909547738693467      -2.521478188872762E-002
  0.919597989949749       1.617815906000586E-004
  0.929648241206030       2.503349937001278E-002
  0.939698492462312       4.775844718486801E-002
  0.949748743718593       6.635821211101424E-002
  0.959798994974874       7.848231026394671E-002
  0.969849246231156       8.137029662348390E-002
  0.979899497487437       7.181147300219833E-002
  0.989949748743719       4.610209793475102E-002
   1.00000000000000       0.000000000000000E+000
 
  -1.00000000000000       0.000000000000000E+000
 -0.989949748743719       4.610209793475104E-002
 -0.979899497487437       7.181147300219855E-002
 -0.969849246231156       8.137029662348402E-002
 -0.959798994974874       7.848231026394678E-002
 -0.949748743718593       6.635821211101427E-002
 -0.939698492462312       4.775844718486805E-002
 -0.929648241206030       2.503349937001307E-002
 -0.919597989949749       1.617815905997785E-004
 -0.909547738693467      -2.521478188872764E-002
 -0.899497487437186      -4.975738927160080E-002
 -0.889447236180904      -7.239912157616291E-002
 -0.879396984924623      -9.231574211517353E-002
 -0.869346733668342      -0.108898449850729     
 -0.859296482412060      -0.121728503484517     
 -0.849246231155779      -0.130553635240531     
 -0.839195979899497      -0.135266175368946     
 -0.829145728643216      -0.135882810447511     
 -0.819095477386935      -0.132525900580243     
 -0.809045226130653      -0.125406282592453     
 -0.798994974874372      -0.114807488296241     
 -0.788944723618090      -0.101071308851457     
 -0.778894472361809      -8.458463817384773E-002
 -0.768844221105528      -6.576753024465926E-002
 -0.758793969849246      -4.506240705425677E-002
 -0.748743718592965      -2.292435576654305E-002
 -0.738693467336683       1.875444791042184E-004
 -0.728643216080402       2.381792390584420E-002
 -0.718592964824121       4.752190757318923E-002
 -0.708542713567839       7.087103922505483E-002
 -0.698492462311558       9.345839601721954E-002
 -0.688442211055276       0.114902944920311     
 -0.678391959798995       0.134853189909548     
 -0.668341708542714       0.152990157391779     
 -0.658291457286432       0.169029765683820     
 -0.648241206030151       0.182724622743786     
 -0.638190954773869       0.193865294768945     
 -0.628140703517588       0.202281086709653     
 -0.618090452261307       0.207840374209161     
 -0.608040201005025       0.210450524963454     
 -0.597989949748744       0.210057446003889     
 -0.587939698492462       0.206644791938154     
 -0.577889447236181       0.200232867742001     
 -0.567839195979900       0.190877258275359     
 -0.557788944723618       0.178667215301732     
 -0.547738693467337       0.163723831419269     
 -0.537688442211055       0.146198028965604     
 -0.527638190954774       0.126268390636384     
 -0.517587939698492       0.104138857259478     
 -0.507537688442211       8.003631689305955E-002
 -0.497487437185930       5.420810816619880E-002
 -0.487437185929648       2.691945955513670E-002
 -0.477386934673367      -1.549114912749045E-003
 -0.467336683417085      -3.090444421237048E-002
 -0.457286432160804      -6.084333496966662E-002
 -0.447236180904523      -9.105519517225173E-002
 -0.437185929648241      -0.121224631013078     
 -0.427135678391960      -0.151034002018520     
 -0.417085427135678      -0.180165920668415     
 -0.407035175879397      -0.208305683747556     
 -0.396984924623116      -0.235143623675875     
 -0.386934673366834      -0.260377369048151     
 -0.376884422110553      -0.283714004573476     
 -0.366834170854271      -0.304872121539915     
 -0.356783919597990      -0.323583750840836     
 -0.346733668341708      -0.339596171486248     
 -0.336683417085427      -0.352673588385121     
 -0.326633165829146      -0.362598674023178     
 -0.316582914572864      -0.369173969474934     
 -0.306532663316583      -0.372223140978877     
 -0.296482412060301      -0.371592089070625     
 -0.286432160804020      -0.367149908010640     
 -0.276381909547739      -0.358789693960664     
 -0.266331658291457      -0.346429201056407     
 -0.256281407035176      -0.330011345193242     
 -0.246231155778894      -0.309504555986679     
 -0.236180904522613      -0.284902977990215     
 -0.226130653266332      -0.256226522849833     
 -0.216080402010050      -0.223520774646885     
 -0.206030150753769      -0.186856751229385     
 -0.195979899497487      -0.146330524855846     
 -0.185929648241206      -0.102062705975734     
 -0.175879396984925      -5.419779444631375E-002
 -0.165829145728643      -2.903402937287744E-003
 -0.155778894472362       5.163064229807175E-002
 -0.145728643216080       0.109193317703343     
 -0.135678391959799       0.169553529789984     
 -0.125628140703518       0.232461347283218     
 -0.115577889447236       0.297649331396331     
 -0.105527638190955       0.364833957280528     
 -9.547738693467334E-002  0.433717119415176     
 -8.542713567839200E-002  0.503987713445172     
 -7.537688442211055E-002  0.575323286738290     
 -6.532663316582910E-002  0.647391749725573     
 -5.527638190954776E-002  0.719853139902343     
 -4.522613065326631E-002  0.792361430206017     
 -3.517587939698497E-002  0.864566373349704     
 -2.512562814070352E-002  0.936115373577611     
 -1.507537688442206E-002   1.00665537721943     
 -5.025125628140725E-003   1.07583477335627     
  5.025125628140614E-003   1.14330529587016     
  1.507537688442206E-002   1.20872391813314     
  2.512562814070352E-002   1.27175473159938     
  3.517587939698497E-002   1.33207079959648     
  4.522613065326642E-002   1.38935597766786     
  5.527638190954764E-002   1.44330669189892     
  6.532663316582910E-002   1.49363366676414     
  7.537688442211055E-002   1.54006359416122     
  8.542713567839200E-002   1.58234073545126     
  9.547738693467345E-002   1.62022844850137     
  0.105527638190955        1.65351063192715     
  0.115577889447236        1.68199307895841     
  0.125628140703518        1.70550473360098     
  0.135678391959799        1.72389884204143     
  0.145728643216080        1.73705399253980     
  0.155778894472362        1.74487503737746     
  0.165829145728643        1.74729389077390     
  0.175879396984925        1.74427019705682     
  0.185929648241206        1.73579186376474     
  0.195979899497488        1.72187545478041     
  0.206030150753769        1.70256643903643     
  0.216080402010050        1.67793929080188     
  0.226130653266332        1.64809743805048     
  0.236180904522613        1.61317305592637     
  0.246231155778895        1.57332670286357     
  0.256281407035176        1.52874679747939     
  0.266331658291457        1.47964893495033     
  0.276381909547739        1.42627504219135     
  0.286432160804020        1.36889237179630     
  0.296482412060302        1.30779233535799     
  0.306532663316583        1.24328917747138     
  0.316582914572864        1.17571849243271     
  0.326633165829146        1.10543558638078     
  0.336683417085427        1.03281368838397     
  0.346733668341709       0.958242014758658     
  0.356783919597990       0.882123691710404     
  0.366834170854271       0.804873542219477     
  0.376884422110553       0.726915743946645     
  0.386934673366834       0.648681365813598     
  0.396984924623116       0.570605791815065     
  0.407035175879397       0.493126041546546     
  0.417085427135678       0.416677997882636     
  0.427135678391960       0.341693553216100     
  0.437185929648241       0.268597686667355     
  0.447236180904523       0.197805485697482     
  0.457286432160804       0.129719126605784     
  0.467336683417085       6.472482946479370E-002
  0.477386934673367       3.189804141777578E-003
  0.487437185929648      -5.454079482383977E-002
  0.497487437185930      -0.108146885573288     
  0.507537688442211      -0.157336428428891     
  0.517587939698493      -0.201848326266695     
  0.527638190954774      -0.241455233268788     
  0.537688442211055      -0.275966248321560     
  0.547738693467337      -0.305229468060756     
  0.557788944723618      -0.329134373274559     
  0.567839195979900      -0.347614021062149     
  0.577889447236181      -0.360647013807240     
  0.587939698492462      -0.368259214663921     
  0.597989949748744      -0.370525177865799     
  0.608040201005025      -0.367569260758947     
  0.618090452261307      -0.359566383024431     
  0.628140703517588      -0.346742397097328     
  0.638190954773869      -0.329374032306072     
  0.648241206030151      -0.307788373748730     
  0.658291457286432      -0.282361835391367     
  0.668341708542714      -0.253518585318044     
  0.678391959798995      -0.221728379482224     
  0.688442211055276      -0.187503758705336     
  0.698492462311558      -0.151396562040144     
  0.708542713567839      -0.113993707964162     
  0.718592964824121      -7.591219319187972E-002
  0.728643216080402      -3.779325719382274E-002
  0.738693467336683      -2.956587855955927E-004
  0.748743718592965       3.591199059902383E-002
  0.758793969849246       7.015989411014015E-002
  0.768844221105528       0.101786796115568     
  0.778894472361809       0.130150829044693     
  0.788944723618090       0.154641543066428     
  0.798994974874372       0.174693183095308     
  0.809045226130653       0.189799279513966     
  0.819095477386935       0.199528620918553     
  0.829145728643216       0.203542679136218     
  0.839195979899497       0.201614558730495     
  0.849246231155779       0.193649545201338     
  0.859296482412060       0.179707328101612     
  0.869346733668342       0.160025977331161     
  0.879396984924623       0.135047752932980     
  0.889447236180904       0.105446830803681     
  0.899497487437186       7.215902884225574E-002
  0.909547738693467       3.641362019712247E-002
  0.919597989949749      -2.326775683484851E-004
  0.929648241206030      -3.585944638729186E-002
  0.939698492462312      -6.814395146469042E-002
  0.949748743718593      -9.432006947076613E-002
  0.959798994974874      -0.111134663449695     
  0.969849246231156      -0.114801304459791     
  0.979899497487437      -0.100951237656054     
  0.989949748743719      -6.458148819649445E-002
   1.00000000000000       0.000000000000000E+000
 
  -1.00000000000000       0.000000000000000E+000
 -0.989949748743719      -3.628270656372329E-002
 -0.979899497487437      -5.641073715522250E-002
 -0.969849246231156      -6.379842858738981E-002
 -0.959798994974874      -6.141562660243677E-002
 -0.949748743718593      -5.182643979049846E-002
 -0.939698492462312      -3.722568745606854E-002
 -0.929648241206030      -1.947313256470088E-002
 -0.919597989949749      -1.255887207264650E-004
 -0.909547738693467       1.953301203075828E-002
 -0.899497487437186       3.846350591770200E-002
 -0.889447236180904       5.584525611989942E-002
 -0.879396984924623       7.105170294693680E-002
 -0.869346733668342       8.362762711019632E-002
 -0.859296482412060       9.326804972041998E-002
 -0.849246231155779       9.979869465474105E-002
 -0.839195979899497       0.103157940925303     
 -0.829145728643216       0.103380194645629     
 -0.819095477386935       0.100580612130758     
 -0.809045226130653       9.494110758282637E-002
 -0.798994974874372       8.669758070528154E-002
 -0.788944723618090       7.612830145619377E-002
 -0.778894472361809       6.354339099427932E-002
 -0.768844221105528       4.927533969017240E-002
 -0.758793969849246       3.367050487024698E-002
 -0.748743718592965       1.708153273086318E-002
 -0.738693467336683      -1.393493926956359E-004
 -0.728643216080402      -1.764622249612212E-002
 -0.718592964824121      -3.510459751031763E-002
 -0.708542713567839      -5.219581776161649E-002
 -0.698492462311558      -6.862078935999544E-002
 -0.688442211055276      -8.410308496178735E-002
 -0.678391959798995      -9.839146475212374E-002
 -0.668341708542714      -0.111261856915215     
 -0.658291457286432      -0.122518838307650     
 -0.648241206030151      -0.131996654521159     
 -0.638190954773869      -0.139559817016694     
 -0.628140703517588      -0.145103313531336     
 -0.618090452261307      -0.148552466503316     
 -0.608040201005025      -0.149862472828421     
 -0.597989949748744      -0.149017656853242     
 -0.587939698492462      -0.146030467127049     
 -0.577889447236181      -0.140940246074631     
 -0.567839195979900      -0.133811800417139     
 -0.557788944723618      -0.124733798856879     
 -0.547738693467337      -0.113817022255087     
 -0.537688442211055      -0.101192490268957     
 -0.527638190954774      -8.700948717567869E-002
 -0.517587939698492      -7.143350839684454E-002
 -0.507537688442211      -5.464414804639924E-002
 -0.497487437185930      -3.683294665931853E-002
 -0.487437185929648      -1.820121711635985E-002
 -0.477386934673367       1.042134337391420E-003
 -0.467336683417085       2.068277617592804E-002
 -0.457286432160804       4.050309404269141E-002
 -0.447236180904523       6.028429387800993E-002
 -0.437185929648241       7.980845305462095E-002
 -0.427135678391960       9.886050784901369E-002
 -0.417085427135678       0.117230166548868     
 -0.407035175879397       0.134713738445236     
 -0.396984924623116       0.151115869882275     
 -0.386934673366834       0.166251179437341     
 -0.376884422110553       0.179945785180070     
 -0.366834170854271       0.192038717810686     
 -0.356783919597990       0.202383214305233     
 -0.346733668341708       0.210847887498689     
 -0.336683417085427       0.217317767815989     
 -0.326633165829146       0.221695214115902     
 -0.316582914572864       0.223900691343396     
 -0.306532663316583       0.223873413392673     
 -0.296482412060301       0.221571850265407     
 -0.286432160804020       0.216974099266860     
 -0.276381909547739       0.210078120616574     
 -0.266331658291457       0.200901838460086     
 -0.256281407035176       0.189483108853781     
 -0.246231155778894       0.175879556856401     
 -0.236180904522613       0.160168285397983     
 -0.226130653266332       0.142445459110081     
 -0.216080402010050       0.122825766790002     
 -0.206030150753769       0.101441766636487     
 -0.195979899497487       7.844311883480436E-002
 -0.185929648241206       5.399571048554391E-002
 -0.175879396984925       2.828067826355627E-002
 -0.165829145728643       1.493334561470816E-003
 -0.155778894472362      -2.615799678400770E-002
 -0.145728643216080      -5.445322876520229E-002
 -0.135678391959799      -8.316183676272285E-002
 -0.125628140703518      -0.112044254406407     
 -0.115577889447236      -0.140853332506395     
 -0.105527638190955      -0.169335853599926     
 -9.547738693467334E-002 -0.197234094460753     
 -8.542713567839200E-002 -0.224287428743549     
 -7.537688442211055E-002 -0.250233961785372     
 -6.532663316582910E-002 -0.274812189460087     
 -5.527638190954776E-002 -0.297762672879707     
 -4.522613065326631E-002 -0.318829720658820     
 -3.517587939698497E-002 -0.337763070404674     
 -2.512562814070352E-002 -0.354319561066093     
 -1.507537688442206E-002 -0.368264787769146     
 -5.025125628140725E-003 -0.379374730786463     
  5.025125628140614E-003 -0.387437350330212     
  1.507537688442206E-002 -0.392254138926089     
  2.512562814070352E-002 -0.393641623217136     
  3.517587939698497E-002 -0.391432807161952     
  4.522613065326642E-002 -0.385478548731643     
  5.527638190954764E-002 -0.375648862373982     
  6.532663316582910E-002 -0.361834139701443     
  7.537688442211055E-002 -0.343946281072198     
  8.542713567839200E-002 -0.321919730969755     
  9.547738693467345E-002 -0.295712410347713     
  0.105527638190955      -0.265306539391065     
  0.115577889447236      -0.230709344454613     
  0.125628140703518      -0.191953643272411     
  0.135678391959799      -0.149098302889658     
  0.145728643216080      -0.102228565150128     
  0.155778894472362      -5.145623497815768E-002
  0.165829145728643       3.080272875776120E-003
  0.175879396984925       6.121603250260466E-002
  0.185929648241206       0.122759854313595     
  0.195979899497488       0.187494684226360     
  0.206030150753769       0.255178156926817     
  0.216080402010050       0.325543305025001     
  0.226130653266332       0.398299425347493     
  0.236180904522613       0.473133103009858     
  0.246231155778895       0.549709393288999     
  0.256281407035176       0.627673160667597     
  0.266331658291457       0.706650573750927     
  0.276381909547739       0.786250754060299     
  0.286432160804020       0.866067575987049     
  0.296482412060302       0.945681614446655     
  0.306532663316583        1.02466223600387     
  0.316582914572864        1.10256982844699     
  0.326633165829146        1.17895816297238     
  0.336683417085427        1.25337688229917     
  0.346733668341709        1.32537410716890     
  0.356783919597990        1.39449915279487     
  0.366834170854271        1.46030534591296     
  0.376884422110553        1.52235293214696     
  0.386934673366834        1.58021206244015     
  0.396984924623116        1.63346584631799     
  0.407035175879397        1.68171345873670     
  0.417085427135678        1.72457328623778     
  0.427135678391960        1.76168609706956     
  0.437185929648241        1.79271821885422     
  0.447236180904523        1.81736470627111     
  0.457286432160804        1.83535248009620     
  0.467336683417085        1.84644341778171     
  0.477386934673367        1.85043737458047     
  0.487437185929648        1.84717511301529     
  0.497487437185930        1.83654111726602     
  0.507537688442211        1.81846626779419     
  0.517587939698493        1.79293035024908     
  0.527638190954774        1.75996437139820     
  0.537688442211055        1.71965265350035     
  0.547738693467337        1.67213467719055     
  0.557788944723618        1.61760664157281     
  0.567839195979900        1.55632270881936     
  0.577889447236181        1.48859589915348     
  0.587939698492462        1.41479860064729     
  0.597989949748744        1.33536265679586     
  0.608040201005025        1.25077899333505     
  0.618090452261307        1.16159674425210     
  0.628140703517588        1.06842183539547     
  0.638190954773869       0.971914982523940     
  0.648241206030151       0.872789059044112     
  0.658291457286432       0.771805787070166     
  0.668341708542714       0.669771703800970     
  0.678391959798995       0.567533353545902     
  0.688442211055276       0.465971654043342     
  0.698492462311558       0.365995384004014     
  0.708542713567839       0.268533737075396     
  0.718592964824121       0.174527885663345     
  0.728643216080402       8.492149626275293E-002
  0.738693467336683       6.501361405904887E-004
  0.748743718592965      -7.737049061796550E-002
  0.758793969849246      -0.148257541546502     
  0.768844221105528      -0.211175334444602     
  0.778894472361809      -0.265351013867744     
  0.788944723618090      -0.310091655021666     
  0.798994974874372      -0.344802876576539     
  0.809045226130653      -0.369009035894113     
  0.819095477386935      -0.382375082162867     
  0.829145728643216      -0.384730144962384     
  0.839195979899497      -0.376092937828438     
  0.849246231155779      -0.356699058464790     
  0.859296482412060      -0.327030269346358     
  0.869346733668342      -0.287845844581286     
  0.879396984924623      -0.240216071046468     
  0.889447236180904      -0.185557993982303     
  0.899497487437186      -0.125673499427893     
  0.909547738693467      -6.278982809742326E-002
  0.919597989949749       3.973824577006509E-004
  0.929648241206030       6.067842828847853E-002
  0.939698492462312       0.114281140685071     
  0.949748743718593       0.156819655289714     
  0.959798994974874       0.183240242624372     
  0.969849246231156       0.187764091606956     
  0.979899497487437       0.163826935241138     
  0.989949748743719       0.104015405251680     
   1.00000000000000       0.000000000000000E+000
 
  -1.00000000000000       0.000000000000000E+000
 -0.989949748743719       3.080797099853786E-002
 -0.979899497487437       4.784908726979301E-002
 -0.969849246231156       5.405856800366449E-002
 -0.959798994974874       5.198406204732313E-002
 -0.949748743718593       4.382010897069914E-002
 -0.939698492462312       3.144049823311400E-002
 -0.929648241206030       1.642861194387984E-002
 -0.919597989949749       1.058345977443782E-004
 -0.909547738693467      -1.644188892169656E-002
 -0.899497487437186      -3.233926784108199E-002
 -0.889447236180904      -4.689857530871137E-002
 -0.879396984924623      -5.959817834338195E-002
 -0.869346733668342      -7.006261473672921E-002
 -0.859296482412060      -7.804414569200864E-002
 -0.849246231155779      -8.340571492492471E-002
 -0.839195979899497      -8.610524687058732E-002
 -0.829145728643216      -8.618121853497886E-002
 -0.819095477386935      -8.373944139942682E-002
 -0.809045226130653      -7.894099163250994E-002
 -0.798994974874372      -7.199122868557577E-002
 -0.788944723618090      -6.312984414561353E-002
 -0.778894472361809      -5.262188449260950E-002
 -0.768844221105528      -4.074969315771371E-002
 -0.758793969849246      -2.780571900356444E-002
 -0.748743718592965      -1.408614004895325E-002
 -0.738693467336683       1.147470633354337E-004
 -0.728643216080402       1.450941970420641E-002
 -0.718592964824121       2.882135022186505E-002
 -0.708542713567839       4.278859984766398E-002
 -0.698492462311558       5.616682858056671E-002
 -0.688442211055276       6.873176253087386E-002
 -0.678391959798995       8.028115867230187E-002
 -0.668341708542714       9.063630544412855E-002
 -0.658291457286432       9.964309616193291E-002
 -0.648241206030151       0.107172710736446     
 -0.638190954773869       0.113121939765211     
 -0.628140703517588       0.117413183651094     
 -0.618090452261307       0.119994158015261     
 -0.608040201005025       0.120837335309905     
 -0.597989949748744       0.119939151197987     
 -0.587939698492462       0.117319002953261     
 -0.577889447236181       0.113018065844211     
 -0.567839195979900       0.107097952199905     
 -0.557788944723618       9.963923661447054E-002
 -0.547738693467337       9.073986952966968E-002
 -0.537688442211055       8.051350024209572E-002
 -0.527638190954774       6.908772921266468E-002
 -0.517587939698492       5.660230841146731E-002
 -0.507537688442211       4.320730731058862E-002
 -0.497487437185930       2.906126104124105E-002
 -0.487437185929648       1.432931615946964E-002
 -0.477386934673367      -8.186115832048718E-004
 -0.467336683417085      -1.620965409156355E-002
 -0.457286432160804      -3.166977002777555E-002
 -0.447236180904523      -4.702547476403200E-002
 -0.437185929648241      -6.210551074013986E-002
 -0.427135678391960      -7.674244870646911E-002
 -0.417085427135678      -9.077421123545021E-002
 -0.407035175879397      -0.104045510763443     
 -0.396984924623116      -0.116409195279229     
 -0.386934673366834      -0.127727495605640     
 -0.376884422110553      -0.137873169026904     
 -0.366834170854271      -0.146730534796182     
 -0.356783919597990      -0.154196397815462     
 -0.346733668341708      -0.160180857513528     
 -0.336683417085427      -0.164607999657034     
 -0.326633165829146      -0.167416469514876     
 -0.316582914572864      -0.168559925457059     
 -0.306532663316583      -0.168007372705992     
 -0.296482412060301      -0.165743377570820     
 -0.286432160804020      -0.161768163083768     
 -0.276381909547739      -0.156097587521763     
 -0.266331658291457      -0.148763007836627     
 -0.256281407035176      -0.139811030533033     
 -0.246231155778894      -0.129303153025103     
 -0.236180904522613      -0.117315298970038     
 -0.226130653266332      -0.103937251520517     
 -0.216080402010050      -8.927198885670522E-002
 -0.206030150753769      -7.343492675374484E-002
 -0.195979899497487      -5.655307331130679E-002
 -0.185929648241206      -3.876410131844508E-002
 -0.175879396984925      -2.021534404936757E-002
 -0.165829145728643      -1.062720583994562E-003
 -0.155778894472362       1.853040297878602E-002
 -0.145728643216080       3.839440979738479E-002
 -0.135678391959799       5.835467920983067E-002
 -0.125628140703518       7.823287725718261E-002
 -0.115577889447236       9.784828358574046E-002
 -0.105527638190955       0.117019147352639     
 -9.547738693467334E-002  0.135564064630443     
 -8.542713567839200E-002  0.153303369701606     
 -7.537688442211055E-002  0.170060532553043     
 -6.532663316582910E-002  0.185663554824699     
 -5.527638190954776E-002  0.199946356433731     
 -4.522613065326631E-002  0.212750145087917     
 -3.517587939698497E-002  0.223924760918023     
 -2.512562814070352E-002  0.233329988499216     
 -1.507537688442206E-002  0.240836828596069     
 -5.025125628140725E-003  0.246328722054459     
  5.025125628140614E-003  0.249702718376482     
  1.507537688442206E-002  0.250870581651597     
  2.512562814070352E-002  0.249759826678429     
  3.517587939698497E-002  0.246314678297105     
  4.522613065326642E-002  0.240496947161596     
  5.527638190954764E-002  0.232286815415304     
  6.532663316582910E-002  0.221683525991151     
  7.537688442211055E-002  0.208705969539531     
  8.542713567839200E-002  0.193393163293860     
  9.547738693467345E-002  0.175804616513958     
  0.105527638190955       0.156020577502209     
  0.115577889447236       0.134142157566326     
  0.125628140703518       0.110291327705621     
  0.135678391959799       8.461078422492166E-002
  0.145728643216080       5.726367993172308E-002
  0.155778894472362       2.843321804776577E-002
  0.165829145728643      -1.677893533956068E-003
  0.175879396984925      -3.284812949178487E-002
  0.185929648241206      -6.483797711443259E-002
  0.195979899497488      -9.739090986097758E-002
  0.206030150753769      -0.130234504569793     
  0.216080402010050      -0.163081701823675     
  0.226130653266332      -0.195632208333540     
  0.236180904522613      -0.227574039533972     
  0.246231155778895      -0.258585199890662     
  0.256281407035176      -0.288335497702304     
  0.266331658291457      -0.316488490437924     
  0.276381909547739      -0.342703555884767     
  0.286432160804020      -0.366638083591906     
  0.296482412060302      -0.387949780280553     
  0.306532663316583      -0.406299082053675     
  0.316582914572864      -0.421351665375012     
  0.326633165829146      -0.432781047900835     
  0.336683417085427      -0.440271269336891     
  0.346733668341709      -0.443519641557904     
  0.356783919597990      -0.442239556267699     
  0.366834170854271      -0.436163337494587     
  0.376884422110553      -0.425045125209004     
  0.386934673366834      -0.408663775318562     
  0.396984924623116      -0.386825760239692     
  0.407035175879397      -0.359368053164847     
  0.417085427135678      -0.326160978039878     
  0.427135678391960      -0.287111006137644     
  0.437185929648241      -0.242163478961182     
  0.447236180904523      -0.191305236032827     
  0.457286432160804      -0.134567124924608     
  0.467336683417085      -7.202636965992139E-002
  0.477386934673367      -3.808772367052815E-003
  0.487437185929648       6.990927820855083E-002
  0.497487437185930       0.148899019024191     
  0.507537688442211       0.232877774904940     
  0.517587939698493       0.321507700912914     
  0.527638190954774       0.414394836650315     
  0.537688442211055       0.511088505620337     
  0.547738693467337       0.611081094188716     
  0.557788944723618       0.713808246131738     
  0.567839195979900       0.818649510223523     
  0.577889447236181       0.924929479806773     
  0.587939698492462        1.03191946480661     
  0.597989949748744        1.13883973818676     
  0.608040201005025        1.24486240041136     
  0.618090452261307        1.34911490706329     
  0.628140703517588        1.45068430638276     
  0.638190954773869        1.54862223512553     
  0.648241206030151        1.64195072280143     
  0.658291457286432        1.72966885603803     
  0.668341708542714        1.81076035652366     
  0.678391959798995        1.88420212771682     
  0.688442211055276        1.94897382726652     
  0.698492462311558        2.00406852386941     
  0.708542713567839        2.04850449909542     
  0.718592964824121        2.08133825654331     
  0.728643216080402        2.10167880254160     
  0.738693467336683        2.10870326448876     
  0.748743718592965        2.10167391482859     
  0.758793969849246        2.07995667058366     
  0.768844221105528        2.04304114032015     
  0.778894472361809        1.99056229239270     
  0.788944723618090        1.92232382031661     
  0.798994974874372        1.83832328313844     
  0.809045226130653        1.73877910072334     
  0.819095477386935        1.62415948594909     
  0.829145728643216        1.49521339789289     
  0.839195979899497        1.35300360221677     
  0.849246231155779        1.19894192710188     
  0.859296482412060        1.03482680525024     
  0.869346733668342       0.862883194665126     
  0.879396984924623       0.685804973138183     
  0.889447236180904       0.506799903612040     
  0.899497487437186       0.329637269852687     
  0.909547738693467       0.158698284154900     
  0.919597989949749      -9.706288823012781E-004
  0.929648241206030      -0.143601566135556     
  0.939698492462312      -0.262645788555964     
  0.949748743718593      -0.350711161464183     
  0.959798994974874      -0.399496279009106     
  0.969849246231156      -0.399721156822848     
  0.979899497487437      -0.341054374446257     
  0.989949748743719      -0.212036546616340     
   1.00000000000000       0.000000000000000E+000
 
  -1.00000000000000       0.000000000000000E+000
 -0.989949748743719      -2.789155422578187E-002
 -0.979899497487437      -4.329551721591819E-002
 -0.969849246231156      -4.888670592930865E-002
 -0.959798994974874      -4.698407440359553E-002
 -0.949748743718593      -3.958269480730792E-002
 -0.939698492462312      -2.838376051030243E-002
 -0.929648241206030      -1.482269302268803E-002
 -0.919597989949749      -9.543258880461279E-005
 -0.909547738693467       1.481700981660494E-002
 -0.899497487437186       2.912566335814573E-002
 -0.889447236180904       4.221229733462090E-002
 -0.879396984924623       5.360963852504962E-002
 -0.869346733668342       6.298303605461855E-002
 -0.859296482412060       7.011350586785164E-002
 -0.849246231155779       7.488208879062405E-002
 -0.839195979899497       7.725545803279298E-002
 -0.829145728643216       7.727271382919458E-002
 -0.819095477386935       7.503330473854060E-002
 -0.809045226130653       7.068601691735514E-002
 -0.798994974874372       6.441897445951374E-002
 -0.788944723618090       5.645059564118660E-002
 -0.778894472361809       4.702145163604474E-002
 -0.768844221105528       3.638697596646159E-002
 -0.758793969849246       2.481097463313336E-002
 -0.748743718592965       1.255988851805109E-002
 -0.738693467336683      -1.022387159181578E-004
 -0.728643216080402      -1.291813240144139E-002
 -0.718592964824121      -2.564104191175953E-002
 -0.708542713567839      -3.803792101122044E-002
 -0.698492462311558      -4.989207401657222E-002
 -0.688442211055276      -6.100530676687332E-002
 -0.678391959798995      -7.119961991664904E-002
 -0.668341708542714      -8.031848060787308E-002
 -0.658291457286432      -8.822770714149605E-002
 -0.648241206030151      -9.481599985855595E-002
 -0.638190954773869      -9.999515005441341E-002
 -0.628140703517588      -0.103699957387337     
 -0.618090452261307      -0.105887884904533     
 -0.608040201005025      -0.106538479494762     
 -0.597989949748744      -0.105652584286922     
 -0.587939698492462      -0.103251368248398     
 -0.577889447236181      -9.937519699555990E-002
 -0.567839195979900      -9.408236761159501E-002
 -0.557788944723618      -8.744772907381500E-002
 -0.547738693467337      -7.956120872371941E-002
 -0.537688442211055      -7.052626406844044E-002
 -0.527638190954774      -6.045827808169828E-002
 -0.517587939698492      -4.948291507609606E-002
 -0.507537688442211      -3.773445314645973E-002
 -0.497487437185930      -2.535410813599391E-002
 -0.487437185929648      -1.248836305326260E-002
 -0.477386934673367       7.126841315609458E-004
 -0.467336683417085       1.409694235812878E-002
 -0.457286432160804       2.751190801319311E-002
 -0.447236180904523       4.080619405890185E-002
 -0.437185929648241       5.383099858014041E-002
 -0.427135678391960       6.644150445760118E-002
 -0.417085427135678       7.849820272773621E-002
 -0.407035175879397       8.986813302104958E-002
 -0.396984924623116       0.100426035276285     
 -0.386934673366834       0.110055407710004     
 -0.376884422110553       0.118649466778782     
 -0.366834170854271       0.126112005604828     
 -0.356783919597990       0.132358148045193     
 -0.346733668341708       0.137314996269944     
 -0.336683417085427       0.140922170375689     
 -0.326633165829146       0.143132239197675     
 -0.316582914572864       0.143911042096304     
 -0.306532663316583       0.143237902082420     
 -0.296482412060301       0.141105731209970     
 -0.286432160804020       0.137521029704736     
 -0.276381909547739       0.132503780813800     
 -0.266331658291457       0.126087243852059     
 -0.256281407035176       0.118317648389756     
 -0.246231155778894       0.109253792968255     
 -0.236180904522613       9.896655215057713E-002
 -0.226130653266332       8.753829610813181E-002
 -0.216080402010050       7.506222731595218E-002
 -0.206030150753769       6.164163927535918E-002
 -0.195979899497487       4.738910250543339E-002
 -0.185929648241206       3.242558334295308E-002
 -0.175879396984925       1.687950136453668E-002
 -0.165829145728643       8.857314946430978E-004
 -0.155778894472362      -1.541544291120163E-002
 -0.145728643216080      -3.187941951703755E-002
 -0.135678391959799      -4.835840232269148E-002
 -0.125628140703518      -6.470255602414492E-002
 -0.115577889447236      -8.076118246760632E-002
 -0.105527638190955      -9.638391214204600E-002
 -9.547738693467334E-002 -0.111421903574319     
 -8.542713567839200E-002 -0.125729043434557     
 -7.537688442211055E-002 -0.139163140127259     
 -6.532663316582910E-002 -0.151587103635415     
 -5.527638190954776E-002 -0.162870104401119     
 -4.522613065326631E-002 -0.172888704066413     
 -3.517587939698497E-002 -0.181527950962552     
 -2.512562814070352E-002 -0.188682433324570     
 -1.507537688442206E-002 -0.194257283320827     
 -5.025125628140725E-003 -0.198169125124269     
  5.025125628140614E-003 -0.200346960413295     
  1.507537688442206E-002 -0.200732984875556     
  2.512562814070352E-002 -0.199283329497534     
  3.517587939698497E-002 -0.195968720656531     
  4.522613065326642E-002 -0.190775053289616     
  5.527638190954764E-002 -0.183703871696188     
  6.532663316582910E-002 -0.174772752837136     
  7.537688442211055E-002 -0.164015587324020     
  8.542713567839200E-002 -0.151482753646404     
  9.547738693467345E-002 -0.137241181564283     
  0.105527638190955      -0.121374300995588     
  0.115577889447236      -0.103981873155984     
  0.125628140703518      -8.517970115952904E-002
  0.135678391959799      -6.509921776439348E-002
  0.145728643216080      -4.388694844754186E-002
  0.155778894472362      -2.170384851627598E-002
  0.165829145728643       1.275486487371143E-003
  0.175879396984925       2.486373726107956E-002
  0.185929648241206       4.886190367071500E-002
  0.195979899497488       7.306047308736305E-002
  0.206030150753769       9.724071244258289E-002
  0.216080402010050       0.121176081642508     
  0.226130653266332       0.144633765288196     
  0.236180904522613       0.167376318932227     
  0.246231155778895       0.189163425359944     
  0.256281407035176       0.209753755617997     
  0.266331658291457       0.228906928722846     
  0.276381909547739       0.246385563167782     
  0.286432160804020       0.261957412508688     
  0.296482412060302       0.275397576446262     
  0.306532663316583       0.286490777935738     
  0.316582914572864       0.295033695944269     
  0.326633165829146       0.300837342541105     
  0.336683417085427       0.303729472046421     
  0.346733668341709       0.303557008981295     
  0.356783919597990       0.300188480553674     
  0.366834170854271       0.293516438383437     
  0.376884422110553       0.283459853113652     
  0.386934673366834       0.269966464475022     
  0.396984924623116       0.253015068266137     
  0.407035175879397       0.232617720583685     
  0.417085427135678       0.208821838484037     
  0.427135678391960       0.181712175080754     
  0.437185929648241       0.151412645881531     
  0.447236180904523       0.118087981942800     
  0.457286432160804       8.194518417081269E-002
  0.467336683417085       4.323475182443489E-002
  0.477386934673367       2.251656977030602E-003
  0.487437185929648      -4.066396462708786E-002
  0.497487437185930      -8.512643723239072E-002
  0.507537688442211      -0.130704515529088     
  0.517587939698493      -0.176921735582904     
  0.527638190954774      -0.223257181331957     
  0.537688442211055      -0.269146703187936     
  0.547738693467337      -0.313984626745808     
  0.557788944723618      -0.357125991097593     
  0.567839195979900      -0.397889357761134     
  0.577889447236181      -0.435560232774439     
  0.587939698492462      -0.469395146069969     
  0.597989949748744      -0.498626433831227     
  0.608040201005025      -0.522467771146181     
  0.618090452261307      -0.540120503908405     
  0.628140703517588      -0.550780830577345     
  0.638190954773869      -0.553647886093854     
  0.648241206030151      -0.547932781956021     
  0.658291457286432      -0.532868658193426     
  0.668341708542714      -0.507721804735191     
  0.678391959798995      -0.471803911448667     
  0.688442211055276      -0.424485507931223     
  0.698492462311558      -0.365210655967419     
  0.708542713567839      -0.293512959417830     
  0.718592964824121      -0.209032958183993     
  0.728643216080402      -0.111536974796286     
  0.738693467336683      -9.374840981038916E-004
  0.748743718592965       0.122684921549550     
  0.758793969849246       0.259057897144091     
  0.768844221105528       0.407691963599858     
  0.778894472361809       0.567853301567746     
  0.788944723618090       0.738534640047126     
  0.798994974874372       0.918424157249542     
  0.809045226130653        1.10587230907792     
  0.819095477386935        1.29885649846497     
  0.829145728643216        1.49494349667024     
  0.839195979899497        1.69124952546697     
  0.849246231155779        1.88439790695736     
  0.859296482412060        2.07047418553793     
  0.869346733668342        2.24497862429608     
  0.879396984924623        2.40277597585347     
  0.889447236180904        2.53804242538281     
  0.899497487437186        2.64420960121116     
  0.909547738693467        2.71390554608492     
  0.919597989949749        2.73889253981035     
  0.929648241206030        2.71000166159691     
  0.939698492462312        2.61706397802088     
  0.949748743718593        2.44883824009213     
  0.959798994974874        2.19293497044846     
  0.969849246231156        1.83573681921920     
  0.979899497487437        1.36231506459258     
  0.989949748743719       0.756342131590685     
   1.00000000000000       0.000000000000000E+000
 
  -1.00000000000000       0.000000000000000E+000
 -0.989949748743719       2.676372455815897E-002
 -0.979899497487437       4.153592231289518E-002
 -0.969849246231156       4.688973982833758E-002
 -0.959798994974874       4.505498634131593E-002
 -0.949748743718593       3.794911778070641E-002
 -0.939698492462312       2.720629386346087E-002
 -0.929648241206030       1.420458856586820E-002
 -0.919597989949749       9.143222649184264E-005
 -0.909547738693467      -1.419263848068999E-002
 -0.899497487437186      -2.789184845815795E-002
 -0.889447236180904      -4.041459770650219E-002
 -0.879396984924623      -5.131435012599297E-002
 -0.869346733668342      -6.027192918939786E-002
 -0.859296482412060      -6.707915397437902E-002
 -0.849246231155779      -7.162375091663106E-002
 -0.839195979899497      -7.387547849355508E-002
 -0.829145728643216      -7.387340387272708E-002
 -0.819095477386935      -7.171427235969136E-002
 -0.809045226130653      -6.754191225570183E-002
 -0.798994974874372      -6.153761948794484E-002
 -0.788944723618090      -5.391146810250278E-002
 -0.778894472361809      -4.489449441386117E-002
 -0.768844221105528      -3.473170428412420E-002
 -0.758793969849246      -2.367585466028034E-002
 -0.748743718592965      -1.198196212885685E-002
 -0.738693467336683       9.750714588665859E-005
 -0.728643216080402       1.231681015144630E-002
 -0.718592964824121       2.444050491701484E-002
 -0.708542713567839       3.624647452238541E-002
 -0.698492462311558       4.752843667424359E-002
 -0.688442211055276       5.809797681237732E-002
 -0.678391959798995       6.778614124661753E-002
 -0.668341708542714       7.644462538778819E-002
 -0.658291457286432       8.394659072259619E-002
 -0.648241206030151       9.018714279322182E-002
 -0.638190954773869       9.508350107738817E-002
 -0.628140703517588       9.857489032388518E-002
 -0.618090452261307       0.100622181581904     
 -0.608040201005025       0.101207309870101     
 -0.597989949748744       0.100332494163065     
 -0.587939698492462       9.801928412876730E-002
 -0.577889447236181       9.430745683072948E-002
 -0.567839195979900       8.925378541288299E-002
 -0.557788944723618       8.293070061362351E-002
 -0.547738693467337       7.542486480819181E-002
 -0.537688442211055       6.683567715536749E-002
 -0.527638190954774       5.727372732548869E-002
 -0.517587939698492       4.685921421201599E-002
 -0.507537688442211       3.572034497825266E-002
 -0.497487437185930       2.399172876440984E-002
 -0.487437185929648       1.181277837795655E-002
 -0.477386934673367      -6.738676878571381E-004
 -0.467336683417085      -1.332389151630035E-002
 -0.457286432160804      -2.599279984897105E-002
 -0.447236180904523      -3.853737643131275E-002
 -0.437185929648241      -5.081707394736799E-002
 -0.427135678391960      -6.269533772644080E-002
 -0.417085427135678      -7.404085423730319E-002
 -0.407035175879397      -8.472871819436550E-002
 -0.396984924623116      -9.464151288482126E-002
 -0.386934673366834      -0.103670299086197     
 -0.376884422110553      -0.111715508679970     
 -0.366834170854271      -0.118687739778954     
 -0.356783919597990      -0.124508450874049     
 -0.346733668341708      -0.129110552169586     
 -0.336683417085427      -0.132438892916052     
 -0.326633165829146      -0.134450644164264     
 -0.316582914572864      -0.135115576956200     
 -0.306532663316583      -0.134416236534657     
 -0.296482412060301      -0.132348013696674     
 -0.286432160804020      -0.128919114934238     
 -0.276381909547739      -0.124150433500195     
 -0.266331658291457      -0.118075324007517     
 -0.256281407035176      -0.110739283616112     
 -0.246231155778894      -0.102199543283210     
 -0.236180904522613      -9.252457295104198E-002
 -0.226130653266332      -8.179350491901650E-002
 -0.216080402010050      -7.009547999689986E-002
 -0.206030150753769      -5.752892136063625E-002
 -0.195979899497487      -4.420074133338238E-002
 -0.185929648241206      -3.022548659109289E-002
 -0.175879396984925      -1.572442754456346E-002
 -0.165829145728643      -8.245978782388979E-004
 -0.155778894472362       1.434220956970362E-002
 -0.145728643216080       2.964048422145366E-002
 -0.135678391959799       4.493206994746148E-002
 -0.125628140703518       6.007726137608320E-002
 -0.115577889447236       7.493591756544540E-002
 -0.105527638190955       8.936858619471025E-002
 -9.547738693467334E-002  0.103237631372803     
 -8.542713567839200E-002  0.116408358127731     
 -7.537688442211055E-002  0.128750126628888     
 -6.532663316582910E-002  0.140137449208152     
 -5.527638190954776E-002  0.150451063283223     
 -4.522613065326631E-002  0.159578973348434     
 -3.517587939698497E-002  0.167417455284256     
 -2.512562814070352E-002  0.173872016346889     
 -1.507537688442206E-002  0.178858304333666     
 -5.025125628140725E-003  0.182302959578551     
  5.025125628140614E-003  0.184144403614698     
  1.507537688442206E-002  0.184333558547962     
  2.512562814070352E-002  0.182834491416316     
  3.517587939698497E-002  0.179624978065400     
  4.522613065326642E-002  0.174696981349865     
  5.527638190954764E-002  0.168057038773814     
  6.532663316582910E-002  0.159726555011442     
  7.537688442211055E-002  0.149741995100989     
  8.542713567839200E-002  0.138154974481263     
  9.547738693467345E-002  0.125032242440394     
  0.105527638190955       0.110455555970990     
  0.115577889447236       9.452144147459607E-002
  0.125628140703518       7.734084223127971E-002
  0.135678391959799       5.903865004724610E-002
  0.145728643216080       3.975312001465549E-002
  0.155778894472362       1.963516786328472E-002
  0.165829145728643      -1.152450046695094E-003
  0.175879396984925      -2.243607344773054E-002
  0.185929648241206      -4.403219034257951E-002
  0.195979899497488      -6.574860273340624E-002
  0.206030150753769      -8.738570333261202E-002
  0.216080402010050      -0.108737859995191     
  0.226130653266332      -0.129594903897662     
  0.236180904522613      -0.149743716749712     
  0.246231155778895      -0.168969911561574     
  0.256281407035176      -0.187059600702892     
  0.266331658291457      -0.203801244177357     
  0.276381909547739      -0.218987570201732     
  0.286432160804020      -0.232417559318063     
  0.296482412060302      -0.243898482383870     
  0.306532663316583      -0.253247981876889     
  0.316582914572864      -0.260296185018562     
  0.326633165829146      -0.264887836263924     
  0.336683417085427      -0.266884435724771     
  0.346733668341709      -0.266166369088069     
  0.356783919597990      -0.262635013562447     
  0.366834170854271      -0.256214803332346     
  0.376884422110553      -0.246855236921868     
  0.386934673366834      -0.234532807768774     
  0.396984924623116      -0.219252838183169     
  0.407035175879397      -0.201051195715443     
  0.417085427135678      -0.179995869783789     
  0.427135678391960      -0.156188385213238     
  0.437185929648241      -0.129765028115600     
  0.447236180904523      -0.100897858292891     
  0.457286432160804      -6.979548107594041E-002
  0.467336683417085      -3.670355021471453E-002
  0.477386934673367      -1.904972117596140E-003
  0.487437185929648       3.428021960661901E-002
  0.497487437185930       7.149535171794133E-002
  0.507537688442211       0.109347994831386     
  0.517587939698493       0.147411278041967     
  0.527638190954774       0.185225671350517     
  0.537688442211055       0.222301274016766     
  0.547738693467337       0.258120648454701     
  0.557788944723618       0.292142240797992     
  0.567839195979900       0.323804430800227     
  0.577889447236181       0.352530255295822     
  0.587939698492462       0.377732851032810     
  0.597989949748744       0.398821664298182     
  0.608040201005025       0.415209476390159     
  0.618090452261307       0.426320295649645     
  0.628140703517588       0.431598168445119     
  0.638190954773869       0.430516963211508     
  0.648241206030151       0.422591183373954     
  0.658291457286432       0.407387866742011     
  0.668341708542714       0.384539630738571     
  0.678391959798995       0.353758924630786     
  0.688442211055276       0.314853551757400     
  0.698492462311558       0.267743526598240     
  0.708542713567839       0.212479333407088     
  0.718592964824121       0.149261655028912     
  0.728643216080402       7.846264244625133E-002
  0.738693467336683       6.487975476313547E-004
  0.748743718592965      -8.339445641684275E-002
  0.758793969849246      -0.172636440231210     
  0.768844221105528      -0.265773041478516     
  0.778894472361809      -0.361196614147882     
  0.788944723618090      -0.456963872487879     
  0.798994974874372      -0.550761694417105     
  0.809045226130653      -0.639870747685595     
  0.819095477386935      -0.721126849839118     
  0.829145728643216      -0.790879970872724     
  0.839195979899497      -0.844950785270035     
  0.849246231155779      -0.878584677910673     
  0.859296482412060      -0.886403106090008     
  0.869346733668342      -0.862352217632922     
  0.879396984924623      -0.799648622796724     
  0.889447236180904      -0.690722215347491     
  0.899497487437186      -0.527155935859185     
  0.909547738693467      -0.299622367925677     
  0.919597989949749       2.182944407496525E-003
  0.929648241206030       0.389611572092380     
  0.939698492462312       0.875135785941324     
  0.949748743718593        1.47242576989141     
  0.959798994974874        2.19643058413915     
  0.969849246231156        3.06346300211806     
  0.979899497487437        4.09128834782019     
  0.989949748743719        5.29921746251545     
   1.00000000000000        6.70820393249937     
 
